90 -0.16 -15 -85.32 -40 86 25 -85.32 -40 -88 0 0 0 0 0 0 0 0 1 0 0 0 1 0 0 0 0.993572 0 0 0.113203 0.995358 -0.000836401 0.00868636 -0.0958421 0.707107 -0.707107 0 0 0.707107 -0.707107 0 0 1 0 0 0 0.998896 -0.0436127 0.000761263 -0.0174358 1 0 0 0 1 0 0 0 1 0 0 0 0.999924 0.0087262 0.0087262 -7.61524e-05 1 0 0 0 0.995396 0 0 0.0958458 0.994522 0 0 -0.104528 0.707107 -0.707107 0 0 0.707107 -0.707107 0 0 0.999962 0 0 -0.00872654 0.998477 -0.052328 0.000913388 -0.0174285 1 0 0 0 1 0 0 0 1 0 0 0 
75 2.24 -15 -80.52 -40 86 25 -80.52 -40 -88 0 0 0 0 0 0 0 0 1 0 0 0 1 0 0 0 0.993572 0 0 0.113203 0.995358 -0.000836401 0.00868636 -0.0958421 0.707107 -0.707107 0 0 0.707107 -0.707107 0 0 1 0 0 0 0.998896 -0.0436127 0.000761263 -0.0174358 1 0 0 0 1 0 0 0 1 0 0 0 0.999924 0.0087262 0.0087262 -7.61524e-05 1 0 0 0 0.995396 0 0 0.0958458 0.994522 0 0 -0.104528 0.707107 -0.707107 0 0 0.707107 -0.707107 0 0 0.999962 0 0 -0.00872654 0.998477 -0.052328 0.000913388 -0.0174285 1 0 0 0 1 0 0 0 1 0 0 0 
56 5.28 -15 -74.44 -40 86 25 -74.44 -40 -88 0 0 0 0 0 0 0 0 1 0 0 0 1 0 0 0 0.993572 0 0 0.113203 0.995358 -0.000836401 0.00868636 -0.0958421 0.707107 -0.707107 0 0 0.707107 -0.707107 0 0 1 0 0 0 0.998896 -0.0436127 0.000761263 -0.0174358 1 0 0 0 1 0 0 0 1 0 0 0 0.999924 0.0087262 0.0087262 -7.61524e-05 1 0 0 0 0.995396 0 0 0.0958458 0.994522 0 0 -0.104528 0.707107 -0.707107 0 0 0.707107 -0.707107 0 0 0.999962 0 0 -0.00872654 0.998477 -0.052328 0.000913388 -0.0174285 1 0 0 0 1 0 0 0 1 0 0 0 
34 8.8 -15 -67.4 -40 86 25 -67.4 -40 -88 0 0 0 0 0 0 0 0 1 0 0 0 1 0 0 0 0.993572 0 0 0.113203 0.995358 -0.000836401 0.00868636 -0.0958421 0.707107 -0.707107 0 0 0.707107 -0.707107 0 0 1 0 0 0 0.998896 -0.0436127 0.000761263 -0.0174358 1 0 0 0 1 0 0 0 1 0 0 0 0.999924 0.0087262 0.0087262 -7.61524e-05 1 0 0 0 0.995396 0 0 0.0958458 0.994522 0 0 -0.104528 0.707107 -0.707107 0 0 0.707107 -0.707107 0 0 0.999962 0 0 -0.00872654 0.998477 -0.052328 0.000913388 -0.0174285 1 0 0 0 1 0 0 0 1 0 0 0 
2 13.92 -15 -57.16 -40 86 25 -57.16 -40 -88 0 0 0 0 0 0 0 0 1 0 0 0 1 0 0 0 0.993572 0 0 0.113203 0.995358 -0.000836401 0.00868636 -0.0958421 0.707107 -0.707107 0 0 0.707107 -0.707107 0 0 1 0 0 0 0.998896 -0.0436127 0.000761263 -0.0174358 1 0 0 0 1 0 0 0 1 0 0 0 0.999924 0.0087262 0.0087262 -7.61524e-05 1 0 0 0 0.995396 0 0 0.0958458 0.994522 0 0 -0.104528 0.707107 -0.707107 0 0 0.707107 -0.707107 0 0 0.999962 0 0 -0.00872654 0.998477 -0.052328 0.000913388 -0.0174285 1 0 0 0 1 0 0 0 1 0 0 0 
2 13.92 -15 -57.16 -40 86 25 -57.16 -40 -88 0 0 0 0 0 0 0 0 0.951057 0.309017 0 0 1 0 0 0 0.993572 0 0 0.113203 0.995358 -0.000836401 0.00868636 -0.0958421 0.707107 -0.707107 0 0 0.707107 -0.707107 0 0 1 0 0 0 0.998896 -0.0436127 0.000761263 -0.0174358 1 0 0 0 1 0 0 0 1 0 0 0 0.933545 0.358354 0.00814692 -0.00312731 1 0 0 0 0.995396 0 0 0.0958458 0.994522 0 0 -0.104528 0.707107 -0.707107 0 0 0.707107 -0.707107 0 0 0.999962 0 0 -0.00872654 0.998477 -0.052328 0.000913388 -0.0174285 1 0 0 0 1 0 0 0 1 0 0 0 
1 14.08 -15 -56.84 -40 86 25 -56.84 -40 -88 0 0 -46 82 0 0 -40 36 0.999182 0.0394852 -0.000344582 -0.00871973 1 0 0 0 0.993572 0 0 0.113203 0.995358 -0.0008364 0.00868636 -0.0958421 0.707107 -0.707107 0 0 0.707107 -0.707107 0 0 0.968486 0.241471 -0.014769 -0.0592351 0.751394 -0.566674 -0.329372 -0.0761745 1 0 0 0 1 0 0 0 1 0 0 0 0.998972 0.0444894 0.00871789 -0.000388254 1 0 0 0 0.995396 0 0 0.0958458 0.994522 0 0 -0.104528 0.707107 -0.707107 0 0 0.707107 -0.707107 0 0 0.963063 0.240119 0.0294829 0.118249 0.655435 -0.753991 -0.03292 0.0286169 1 0 0 0 1 0 0 0 1 0 0 0 
1 14.08 -11 -56.84 -24 135 23 -56.84 -56 -26 0 0 -94 83 0 0 -86 36 0.999182 0.0394852 -0.000344582 -0.00871973 1 0 0 0 0.993572 0 0 0.113203 0.995358 -0.0008364 0.00868636 -0.0958421 0.707107 -0.707107 0 0 0.707107 -0.707107 0 0 0.968486 0.241471 -0.014769 -0.0592351 0.751394 -0.566674 -0.329372 -0.0761745 1 0 0 0 1 0 0 0 1 0 0 0 0.998972 0.0444894 0.00871789 -0.000388254 1 0 0 0 0.995396 0 0 0.0958458 0.994522 0 0 -0.104528 0.707107 -0.707107 0 0 0.707107 -0.707107 0 0 0.963063 0.240119 0.0294829 0.118249 0.655435 -0.753991 -0.03292 0.0286169 1 0 0 0 1 0 0 0 1 0 0 0 
1 14.08 3 -56.84 -24 171 5 -56.84 -54 2 0 0 -55 70 0 0 -25 55 0.999182 0.0394852 -0.000344582 -0.00871973 1 0 0 0 0.993572 0 0 0.113203 0.995358 -0.0008364 0.00868636 -0.0958421 0.707107 -0.707107 0 0 0.707107 -0.707107 0 0 0.953046 0.264303 0.0395003 0.142434 0.521141 -0.415455 -0.729586 0.15334 1 0 0 0 1 0 0 0 1 0 0 0 0.998972 0.0444894 0.00871789 -0.000388254 1 0 0 0 0.995396 0 0 0.0958458 0.994522 0 0 -0.104528 0.707107 -0.707107 0 0 0.707107 -0.707107 0 0 0.963063 0.240119 0.0294829 0.118249 0.47781 -0.821381 -0.194563 -0.243261 1 0 0 0 1 0 0 0 1 0 0 0 
1 14.08 21 -56.84 -24 235 -11 -56.84 -54 50 0 0 -55 70 0 0 -25 55 0.997195 0.0743321 -0.000648687 -0.00870239 1 0 0 0 0.993572 0 0 0.113203 0.995358 -0.0008364 0.00868636 -0.0958421 0.707107 -0.707107 0 0 0.707107 -0.707107 0 0 0.953046 0.264303 0.0395003 0.142434 0.521141 -0.415455 -0.729586 0.15334 1 0 0 0 1 0 0 0 1 0 0 0 0.998972 0.0444894 0.00871789 -0.000388254 1 0 0 0 0.995396 0 0 0.0958458 0.994522 0 0 -0.104528 0.707107 -0.707107 0 0 0.707107 -0.707107 0 0 0.963063 0.240119 0.0294829 0.118249 0.47781 -0.821381 -0.194563 -0.243261 1 0 0 0 1 0 0 0 1 0 0 0 
1 14.08 21 -56.84 -38 281 -11 -56.84 -38 88 0 0 -55 70 0 0 -25 55 0.997195 0.0743321 -0.000648687 -0.00870239 1 0 0 0 0.993572 0 0 0.113203 0.995358 -0.0008364 0.00868636 -0.0958421 0.707107 -0.707107 0 0 0.707107 -0.707107 0 0 0.937404 -0.0655496 -0.0238581 0.341187 0.521141 -0.415455 -0.729586 0.15334 1 0 0 0 1 0 0 0 1 0 0 0 0.998972 0.0444894 0.00871789 -0.000388254 1 0 0 0 0.995396 0 0 0.0958458 0.994522 0 0 -0.104528 0.707107 -0.707107 0 0 0.707107 -0.707107 0 0 0.964124 0.0589684 0.0158005 0.258336 0.47781 -0.821381 -0.194563 -0.243261 1 0 0 0 1 0 0 0 1 0 0 0 
1 14.08 15 -56.84 -38 281 -7 -56.84 -38 88 0 0 -55 70 0 0 -25 90 0.999837 0.00458971 -8.01137e-05 -0.0174522 1 0 0 0 0.993572 0 0 0.113203 0.995358 -0.0008364 0.00868636 -0.0958421 0.707107 -0.707107 0 0 0.707107 -0.707107 0 0 0.937404 -0.0655496 -0.0238581 0.341187 0.566381 -0.344818 -0.722679 0.195058 1 0 0 0 1 0 0 0 1 0 0 0 0.995839 0.0720352 -0.037858 -0.0410215 1 0 0 0 0.995396 0 0 0.0958458 0.994522 0 0 -0.104528 0.707107 -0.707107 0 0 0.707107 -0.707107 0 0 0.964124 0.0589684 0.0158005 0.258336 0.171286 -0.735907 0.653244 -0.0487334 1 0 0 0 1 0 0 0 1 0 0 0 
1 14.08 15 -56.84 -38 281 -7 -56.84 -38 88 0 0 -55 108 0 0 -25 125 0.999837 0.00458971 -8.01137e-05 -0.0174522 1 0 0 0 0.993572 0 0 0.113203 0.995358 -0.0008364 0.00868636 -0.0958421 0.707107 -0.707107 0 0 0.707107 -0.707107 0 0 0.937404 -0.0655496 -0.0238581 0.341187 0.0667552 -0.665602 0.72967 -0.14177 1 0 0 0 1 0 0 0 1 0 0 0 0.995839 0.0720352 -0.037858 -0.0410215 1 0 0 0 0.995396 0 0 0.0958458 0.994522 0 0 -0.104528 0.707107 -0.707107 0 0 0.707107 -0.707107 0 0 0.964124 0.0589684 0.0158005 0.258336 0.345201 -0.691294 0.544733 -0.325906 1 0 0 0 1 0 0 0 1 0 0 0 
1 14.08 15 -56.84 -38 281 -7 -56.84 -38 88 0 0 -55 53.8 0 0 -25 71.5 0.999951 0.00459023 -4.00583e-05 -0.00872642 1 0 0 0 0.993572 0 0 0.113203 0.995358 -0.000836399 0.00868636 -0.0958421 0.707107 -0.707107 0 0 0.707107 -0.707107 0 0 0.937404 -0.0655496 -0.0238581 0.341187 0.661376 -0.436668 -0.605049 0.0762881 1 0 0 0 1 0 0 0 1 0 0 0 0.9967 0.0711807 -0.0360389 -0.0149338 1 0 0 0 0.995396 0 0 0.0958458 0.994522 0 0 -0.104528 0.707107 -0.707107 0 0 0.707107 -0.707107 0 0 0.964124 0.0589684 0.0158005 0.258336 0.575679 -0.757148 0.0507935 -0.304533 1 0 0 0 1 0 0 0 1 0 0 0 
1 14.08 15 -56.84 -38 281 -7 -56.84 -38 88 0 0 -72 104.58 0 0 -25 88.65 0.999852 0.00458974 -7.61073e-05 -0.0165796 1 0 0 0 0.993572 0 0 0.113203 0.995358 -0.000836399 0.00868636 -0.0958421 0.707107 -0.707107 0 0 0.707107 -0.707107 0 0 0.453835 -0.890701 0.0233237 -0.011884 0.415273 -0.749431 0.449104 -0.253393 0.939693 0 0 0.34202 0.91016 -0.336332 0.216435 -0.107911 1 0 0 0 0.995956 0.0719475 -0.0376748 -0.0384117 1 0 0 0 0.995396 0 0 0.0958458 0.994522 0 0 -0.104528 0.707107 -0.707107 0 0 0.707107 -0.707107 0 0 0.961833 0.0588283 0.0163145 0.26674 0.388136 -0.753561 0.428424 -0.312969 1 0 0 0 0.939693 0 0 0.34202 1 0 0 0 
1 14.08 9 -56.84 -38 281 -7 -56.84 -38 88 0 0 -72 104.58 0 0 -25 88.65 0.997096 0.0743247 -0.00123245 -0.0165339 1 0 0 0 0.993572 0 0 0.113203 0.995358 -0.000836399 0.00868636 -0.0958421 0.707107 -0.707107 0 0 0.707107 -0.707107 0 0 0.668901 -0.74289 0.0194531 -0.0175157 0.626535 -0.584424 0.34882 -0.379771 0.939693 0 0 0.34202 0.91016 -0.336332 0.216435 -0.107911 1 0 0 0 0.978961 -0.196827 -0.0260395 -0.0470828 1 0 0 0 0.995396 0 0 0.0958458 0.994522 0 0 -0.104528 0.707107 -0.707107 0 0 0.707107 -0.707107 0 0 0.959964 -0.0839859 -0.0232913 0.266221 0.627459 -0.569911 0.291689 -0.443186 1 0 0 0 0.939693 0 0 0.34202 1 0 0 0 
1 14.08 9 -56.84 -38 281 -7 -56.84 -38 88 0 0 -72 104.58 0 0 -93 88.65 0.988191 0.152327 -0.00252589 -0.0163862 1 0 0 0 0.993572 0 0 0.113203 0.995358 -0.000836399 0.00868636 -0.0958421 0.707107 -0.707107 0 0 0.707107 -0.707107 0 0 0.668901 -0.74289 0.0194531 -0.0175157 0.626535 -0.584424 0.34882 -0.379771 0.939693 0 0 0.34202 0.91016 -0.336332 0.216435 -0.107911 1 0 0 0 0.962846 -0.264636 -0.0226917 -0.0487846 1 0 0 0 0.995396 0 0 0.0958458 0.994522 0 0 -0.104528 0.707107 -0.707107 0 0 0.707107 -0.707107 0 0 0.913834 -0.305764 -0.0847959 0.253428 0.753583 -0.388094 0.167045 -0.50358 1 0 0 0 0.805723 -0.459056 -0.294315 0.231204 1 0 0 0 
1 14.08 9 -56.84 -38 281 -7 -56.84 -38 88 0 0 -72 104.58 0 0 -117 88.65 0.978778 -0.203354 0.00514742 -0.0247754 1 0 0 0 0.993572 0 0 0.113203 0.995358 -0.000836399 0.00868636 -0.0958421 0.707107 -0.707107 0 0 0.707107 -0.707107 0 0 0.608883 -0.676233 -0.308177 0.277484 0.47636 -0.440666 0.517965 -0.557321 0.939693 0 0 0.34202 0.968443 0.0275285 0.159466 -0.189556 1 0 0 0 0.963073 -0.265015 -0.0250243 -0.0403871 1 0 0 0 0.995396 0 0 0.0958458 0.994522 0 0 -0.104528 0.707107 -0.707107 0 0 0.707107 -0.707107 0 0 0.733047 -0.583092 -0.218009 0.274075 0.586176 -0.612292 0.321893 -0.42176 1 0 0 0 0.805723 -0.459056 -0.294315 0.231204 1 0 0 0 
1 14.08 11 -56.84 -38 281 -7 -56.84 -38 88 0 0 -72 79.58 0 0 -68.4 88.65 0.99839 0.0560543 -0.000205856 -0.00870144 1 0 0 0 0.993572 0 0 0.113203 0.995358 -0.000836398 0.00868636 -0.0958421 0.707107 -0.707107 0 0 0.707107 -0.707107 0 0 0.669007 -0.743008 -0.0142666 0.0128457 0.580419 -0.501372 0.410491 -0.493191 0.939693 0 0 0.34202 0.962804 -0.119797 0.185832 -0.155316 1 0 0 0 0.998472 -0.0151585 -0.0341991 -0.0406775 1 0 0 0 0.995396 0 0 0.0958458 0.994522 0 0 -0.104528 0.707107 -0.707107 0 0 0.707107 -0.707107 0 0 0.872283 -0.476465 0.0677601 0.0866699 0.752497 -0.449689 0.158029 -0.454484 1 0 0 0 0.805724 -0.459056 -0.294315 0.231204 1 0 0 0 
1 14.08 11 -56.84 -38 281 -7 -56.84 -38 88 0 0 -72 79.58 0 0 -68.4 88.65 0.99839 0.0560543 -0.000205856 -0.00870144 1 0 0 0 0.993572 0 0 0.113203 0.995358 -0.000836398 0.00868636 -0.0958421 0.707107 -0.707107 0 0 0.707107 -0.707107 0 0 0.669007 -0.743008 -0.0142666 0.0128457 0.634127 -0.750798 0.112041 -0.147077 0.939693 0 0 0.34202 0.970802 -0.117895 0.12034 -0.170768 1 0 0 0 0.998393 0.0196969 -0.0355979 -0.0394592 1 0 0 0 0.995396 0 0 0.0958458 0.994522 0 0 -0.104528 0.707107 -0.707107 0 0 0.707107 -0.707107 0 0 0.86714 -0.459575 0.00825133 0.191811 0.744473 -0.439618 0.1728 -0.471843 1 0 0 0 0.777928 -0.574859 -0.246912 0.0583135 1 0 0 0 
1 14.08 11 -56.84 -38 281 -7 -56.84 -38 88 0 0 -72 79.58 0 0 -68.4 88.65 0.99839 0.0560543 -0.000205856 -0.00870144 1 0 0 0 0.993572 0 0 0.113203 0.995358 -0.000836398 0.00868636 -0.0958421 0.707107 -0.707107 0 0 0.707107 -0.707107 0 0 0.669007 -0.743008 -0.0142666 0.0128457 0.634127 -0.750798 0.112041 -0.147077 0.939693 0 0 0.34202 0.970802 -0.117895 0.12034 -0.170768 1 0 0 0 0.998393 0.0196969 -0.0355979 -0.0394592 1 0 0 0 0.995396 0 0 0.0958458 0.994522 0 0 -0.104528 0.707107 -0.707107 0 0 0.707107 -0.707107 0 0 0.86714 -0.459575 0.00825133 0.191811 0.744473 -0.439618 0.1728 -0.471843 1 0 0 0 0.777928 -0.574859 -0.246912 0.0583135 1 0 0 0 
1 14.08 13 -56.84 -38 281 -3 -56.84 -38 88 0 0 -48 57.58 0 0 -97.4 88.65 0.991773 -0.126814 0.00248996 -0.0172487 1 0 0 0 0.993572 0 0 0.113203 0.995358 -0.000836398 0.00868636 -0.0958421 0.707107 -0.707107 0 0 0.707107 -0.707107 0 0 0.92707 -0.37456 0.00588401 -0.0145635 0.822918 -0.427728 -0.369577 0.0571709 0.999924 7.61524e-05 -0.0087262 -0.0087262 0.990762 -0.0404686 0.0999888 0.0821916 1 0 0 0 0.989745 0.132592 -0.039836 -0.0351758 1 0 0 0 0.995396 0 0 0.0958458 0.994522 0 0 -0.104528 0.707107 -0.707107 0 0 0.707107 -0.707107 0 0 0.812206 -0.571307 0.0646034 0.0987727 0.605324 -0.617322 0.289034 -0.411041 1 0 0 0 0.949629 -0.183952 -0.197755 0.158931 1 0 0 0 
1 14.08 11 -56.84 -38 281 -3 -56.84 -38 88 0 0 -4 57.58 0 0 -97.4 88.65 0.999362 -0.0311733 0.000825289 -0.0174079 1 0 0 0 0.993572 0 0 0.113203 0.995358 -0.000836398 0.00868636 -0.0958421 0.707107 -0.707107 0 0 0.707107 -0.707107 0 0 0.996011 -0.0871394 -0.00167319 0.0191245 0.536874 -0.83783 -0.0908234 0.0394856 0.999924 7.61524e-05 -0.0087262 -0.0087262 0.990762 -0.0404686 0.0999888 0.0821916 1 0 0 0 0.987951 -0.145356 -0.0285971 -0.0447934 1 0 0 0 0.995396 0 0 0.0958458 0.994522 0 0 -0.104528 0.707107 -0.707107 0 0 0.707107 -0.707107 0 0 0.812206 -0.571307 0.0646034 0.0987727 0.605324 -0.617322 0.289034 -0.411041 1 0 0 0 0.949629 -0.183952 -0.197755 0.158931 1 0 0 0 
1 14.08 13 -56.84 -38 281 -3 -56.84 -38 88 0 0 -48 57.58 0 0 -97.4 88.65 0.991773 -0.126814 0.00248996 -0.0172487 1 0 0 0 0.993572 0 0 0.113203 0.995358 -0.000836398 0.00868636 -0.0958421 0.707107 -0.707107 0 0 0.707107 -0.707107 0 0 0.92707 -0.37456 0.00588401 -0.0145635 0.822918 -0.427728 -0.369577 0.0571709 0.999924 7.61524e-05 -0.0087262 -0.0087262 0.990762 -0.0404686 0.0999888 0.0821916 1 0 0 0 0.989745 0.132592 -0.039836 -0.0351758 1 0 0 0 0.995396 0 0 0.0958458 0.994522 0 0 -0.104528 0.707107 -0.707107 0 0 0.707107 -0.707107 0 0 0.812206 -0.571307 0.0646034 0.0987727 0.605324 -0.617322 0.289034 -0.411041 1 0 0 0 0.949629 -0.183952 -0.197755 0.158931 1 0 0 0 
1 14.08 13 -56.84 -38 281 -3 -56.84 -38 88 0 0 -86 57.58 0 0 -97.4 88.65 0.980624 -0.195708 0.00197937 -0.00847582 1 0 0 0 0.993572 0 0 0.113203 0.995358 -0.000836398 0.00868636 -0.0958421 0.707107 -0.707107 0 0 0.707107 -0.707107 0 0 0.913384 -0.371827 0.158814 0.0474565 0.822918 -0.427728 -0.369577 0.0571709 0.999924 7.61524e-05 -0.0087262 -0.0087262 0.990762 -0.0404686 0.0999888 0.0821916 1 0 0 0 0.989745 0.132592 -0.039836 -0.0351758 1 0 0 0 0.995396 0 0 0.0958458 0.994522 0 0 -0.104528 0.707107 -0.707107 0 0 0.707107 -0.707107 0 0 0.812206 -0.571307 0.0646034 0.0987727 0.625726 -0.668662 0.199997 -0.348367 0.995968 0.0434849 0.00342234 0.0783844 0.976949 -0.123007 -0.174422 -0.0040999 1 0 0 0 
1 14.08 13 -56.84 -38 281 -5 -56.84 -38 88 0 0 -86 64.58 0 0 -59.4 88.65 0.999564 -0.0137272 0.00064104 -0.0261434 1 0 0 0 0.993572 0 0 0.113203 0.995358 -0.000836398 0.00868636 -0.0958421 0.707107 -0.707107 0 0 0.707107 -0.707107 0 0 0.92707 -0.0404061 0.118717 0.353291 0.872317 -0.30039 -0.3602 0.138147 0.999924 7.61524e-05 -0.0087262 -0.0087262 0.990762 -0.0404686 0.0999888 0.0821916 1 0 0 0 0.991908 0.115298 -0.039216 -0.0358656 1 0 0 0 0.995396 0 0 0.0958458 0.994522 0 0 -0.104528 0.707107 -0.707107 0 0 0.707107 -0.707107 0 0 0.835045 -0.525405 0.156413 -0.0467475 0.764533 -0.504114 0.113146 -0.38543 0.995968 0.0434849 0.00342234 0.0783844 0.741143 -0.64828 -0.14231 -0.100935 1 0 0 0 
1 14.08 15 -56.84 -38 281 -7 -56.84 -38 88 0 0 -72 104.58 0 0 -25 88.65 0.999852 0.00458974 -7.61073e-05 -0.0165796 1 0 0 0 0.993572 0 0 0.113203 0.995358 -0.000836399 0.00868636 -0.0958421 0.707107 -0.707107 0 0 0.707107 -0.707107 0 0 0.453835 -0.890701 0.0233237 -0.011884 0.415273 -0.749431 0.449104 -0.253393 0.939693 0 0 0.34202 0.91016 -0.336332 0.216435 -0.107911 1 0 0 0 0.995956 0.0719475 -0.0376748 -0.0384117 1 0 0 0 0.995396 0 0 0.0958458 0.994522 0 0 -0.104528 0.707107 -0.707107 0 0 0.707107 -0.707107 0 0 0.961833 0.0588283 0.0163145 0.26674 0.388136 -0.753561 0.428424 -0.312969 1 0 0 0 0.939693 0 0 0.34202 1 0 0 0 
1 14.08 11 -56.84 -38 281 -3 -56.84 -38 88 0 0 -4 57.58 0 0 -97.4 88.65 0.999362 -0.0311733 0.000825289 -0.0174079 1 0 0 0 0.993572 0 0 0.113203 0.995358 -0.000836398 0.00868636 -0.0958421 0.707107 -0.707107 0 0 0.707107 -0.707107 0 0 0.996011 -0.0871394 -0.00167319 0.0191245 0.536874 -0.83783 -0.0908234 0.0394856 0.999924 7.61524e-05 -0.0087262 -0.0087262 0.990762 -0.0404686 0.0999888 0.0821916 1 0 0 0 0.987951 -0.145356 -0.0285971 -0.0447934 1 0 0 0 0.995396 0 0 0.0958458 0.994522 0 0 -0.104528 0.707107 -0.707107 0 0 0.707107 -0.707107 0 0 0.812206 -0.571307 0.0646034 0.0987727 0.605324 -0.617322 0.289034 -0.411041 1 0 0 0 0.949629 -0.183952 -0.197755 0.158931 1 0 0 0 
1 14.08 13 -56.84 -38 281 -3 -56.84 -38 88 0 0 -48 57.58 0 0 -97.4 88.65 0.991773 -0.126814 0.00248996 -0.0172487 1 0 0 0 0.993572 0 0 0.113203 0.995358 -0.000836398 0.00868636 -0.0958421 0.707107 -0.707107 0 0 0.707107 -0.707107 0 0 0.92707 -0.37456 0.00588401 -0.0145635 0.822918 -0.427728 -0.369577 0.0571709 0.999924 7.61524e-05 -0.0087262 -0.0087262 0.990762 -0.0404686 0.0999888 0.0821916 1 0 0 0 0.989745 0.132592 -0.039836 -0.0351758 1 0 0 0 0.995396 0 0 0.0958458 0.994522 0 0 -0.104528 0.707107 -0.707107 0 0 0.707107 -0.707107 0 0 0.812206 -0.571307 0.0646034 0.0987727 0.605324 -0.617322 0.289034 -0.411041 1 0 0 0 0.949629 -0.183952 -0.197755 0.158931 1 0 0 0 
1 14.08 9 -56.84 -38 281 -7 -56.84 -38 88 0 0 -72 104.58 0 0 -25 88.65 0.997096 0.0743247 -0.00123245 -0.0165339 1 0 0 0 0.993572 0 0 0.113203 0.995358 -0.000836399 0.00868636 -0.0958421 0.707107 -0.707107 0 0 0.707107 -0.707107 0 0 0.668901 -0.74289 0.0194531 -0.0175157 0.626535 -0.584424 0.34882 -0.379771 0.939693 0 0 0.34202 0.91016 -0.336332 0.216435 -0.107911 1 0 0 0 0.978961 -0.196827 -0.0260395 -0.0470828 1 0 0 0 0.995396 0 0 0.0958458 0.994522 0 0 -0.104528 0.707107 -0.707107 0 0 0.707107 -0.707107 0 0 0.959964 -0.0839859 -0.0232913 0.266221 0.627459 -0.569911 0.291689 -0.443186 1 0 0 0 0.939693 0 0 0.34202 1 0 0 0 
1 14.08 11 -56.84 -38 281 -7 -56.84 -38 88 0 0 -72 79.58 0 0 -68.4 88.65 0.99839 0.0560543 -0.000205856 -0.00870144 1 0 0 0 0.993572 0 0 0.113203 0.995358 -0.000836398 0.00868636 -0.0958421 0.707107 -0.707107 0 0 0.707107 -0.707107 0 0 0.669007 -0.743008 -0.0142666 0.0128457 0.580419 -0.501372 0.410491 -0.493191 0.939693 0 0 0.34202 0.962804 -0.119797 0.185832 -0.155316 1 0 0 0 0.998472 -0.0151585 -0.0341991 -0.0406775 1 0 0 0 0.995396 0 0 0.0958458 0.994522 0 0 -0.104528 0.707107 -0.707107 0 0 0.707107 -0.707107 0 0 0.872283 -0.476465 0.0677601 0.0866699 0.752497 -0.449689 0.158029 -0.454484 1 0 0 0 0.805724 -0.459056 -0.294315 0.231204 1 0 0 0 
1 14.08 11 -56.84 -38 281 -7 -56.84 -38 88 0 0 -72 79.58 0 0 -68.4 88.65 0.99839 0.0560543 -0.000205856 -0.00870144 1 0 0 0 0.993572 0 0 0.113203 0.995358 -0.000836398 0.00868636 -0.0958421 0.707107 -0.707107 0 0 0.707107 -0.707107 0 0 0.669007 -0.743008 -0.0142666 0.0128457 0.634127 -0.750798 0.112041 -0.147077 0.939693 0 0 0.34202 0.970802 -0.117895 0.12034 -0.170768 1 0 0 0 0.998393 0.0196969 -0.0355979 -0.0394592 1 0 0 0 0.995396 0 0 0.0958458 0.994522 0 0 -0.104528 0.707107 -0.707107 0 0 0.707107 -0.707107 0 0 0.86714 -0.459575 0.00825133 0.191811 0.744473 -0.439618 0.1728 -0.471843 1 0 0 0 0.777928 -0.574859 -0.246912 0.0583135 1 0 0 0 
1 14.08 21 -56.84 -38 281 -11 -56.84 -38 88 0 0 -55 70 0 0 -25 55 0.997195 0.0743321 -0.000648687 -0.00870239 1 0 0 0 0.993572 0 0 0.113203 0.995358 -0.0008364 0.00868636 -0.0958421 0.707107 -0.707107 0 0 0.707107 -0.707107 0 0 0.937404 -0.0655496 -0.0238581 0.341187 0.521141 -0.415455 -0.729586 0.15334 1 0 0 0 1 0 0 0 1 0 0 0 0.998972 0.0444894 0.00871789 -0.000388254 1 0 0 0 0.995396 0 0 0.0958458 0.994522 0 0 -0.104528 0.707107 -0.707107 0 0 0.707107 -0.707107 0 0 0.964124 0.0589684 0.0158005 0.258336 0.47781 -0.821381 -0.194563 -0.243261 1 0 0 0 1 0 0 0 1 0 0 0 
1 14.08 15 -56.84 -38 281 -7 -56.84 -38 88 0 0 -55 70 0 0 -25 90 0.999837 0.00458971 -8.01137e-05 -0.0174522 1 0 0 0 0.993572 0 0 0.113203 0.995358 -0.0008364 0.00868636 -0.0958421 0.707107 -0.707107 0 0 0.707107 -0.707107 0 0 0.937404 -0.0655496 -0.0238581 0.341187 0.566381 -0.344818 -0.722679 0.195058 1 0 0 0 1 0 0 0 1 0 0 0 0.995839 0.0720352 -0.037858 -0.0410215 1 0 0 0 0.995396 0 0 0.0958458 0.994522 0 0 -0.104528 0.707107 -0.707107 0 0 0.707107 -0.707107 0 0 0.964124 0.0589684 0.0158005 0.258336 0.171286 -0.735907 0.653244 -0.0487334 1 0 0 0 1 0 0 0 1 0 0 0 
1 14.08 11 -56.84 -38 281 -7 -56.84 -38 88 0 0 -72 79.58 0 0 -68.4 88.65 0.99839 0.0560543 -0.000205856 -0.00870144 1 0 0 0 0.993572 0 0 0.113203 0.995358 -0.000836398 0.00868636 -0.0958421 0.707107 -0.707107 0 0 0.707107 -0.707107 0 0 0.669007 -0.743008 -0.0142666 0.0128457 0.634127 -0.750798 0.112041 -0.147077 0.939693 0 0 0.34202 0.970802 -0.117895 0.12034 -0.170768 1 0 0 0 0.998393 0.0196969 -0.0355979 -0.0394592 1 0 0 0 0.995396 0 0 0.0958458 0.994522 0 0 -0.104528 0.707107 -0.707107 0 0 0.707107 -0.707107 0 0 0.86714 -0.459575 0.00825133 0.191811 0.744473 -0.439618 0.1728 -0.471843 1 0 0 0 0.777928 -0.574859 -0.246912 0.0583135 1 0 0 0 
1 14.08 13 -56.84 -38 281 -3 -56.84 -38 88 0 0 -48 57.58 0 0 -97.4 88.65 0.991773 -0.126814 0.00248996 -0.0172487 1 0 0 0 0.993572 0 0 0.113203 0.995358 -0.000836398 0.00868636 -0.0958421 0.707107 -0.707107 0 0 0.707107 -0.707107 0 0 0.92707 -0.37456 0.00588401 -0.0145635 0.822918 -0.427728 -0.369577 0.0571709 0.999924 7.61524e-05 -0.0087262 -0.0087262 0.990762 -0.0404686 0.0999888 0.0821916 1 0 0 0 0.989745 0.132592 -0.039836 -0.0351758 1 0 0 0 0.995396 0 0 0.0958458 0.994522 0 0 -0.104528 0.707107 -0.707107 0 0 0.707107 -0.707107 0 0 0.812206 -0.571307 0.0646034 0.0987727 0.605324 -0.617322 0.289034 -0.411041 1 0 0 0 0.949629 -0.183952 -0.197755 0.158931 1 0 0 0 
1 14.08 15 -56.84 -38 281 -7 -56.84 -38 88 0 0 -55 108 0 0 -25 125 0.999837 0.00458971 -8.01137e-05 -0.0174522 1 0 0 0 0.993572 0 0 0.113203 0.995358 -0.0008364 0.00868636 -0.0958421 0.707107 -0.707107 0 0 0.707107 -0.707107 0 0 0.937404 -0.0655496 -0.0238581 0.341187 0.0667552 -0.665602 0.72967 -0.14177 1 0 0 0 1 0 0 0 1 0 0 0 0.995839 0.0720352 -0.037858 -0.0410215 1 0 0 0 0.995396 0 0 0.0958458 0.994522 0 0 -0.104528 0.707107 -0.707107 0 0 0.707107 -0.707107 0 0 0.964124 0.0589684 0.0158005 0.258336 0.345201 -0.691294 0.544733 -0.325906 1 0 0 0 1 0 0 0 1 0 0 0 
1 14.08 15 -56.84 -38 281 -7 -56.84 -38 88 0 0 -72 104.58 0 0 -25 88.65 0.999852 0.00458974 -7.61073e-05 -0.0165796 1 0 0 0 0.993572 0 0 0.113203 0.995358 -0.000836399 0.00868636 -0.0958421 0.707107 -0.707107 0 0 0.707107 -0.707107 0 0 0.453835 -0.890701 0.0233237 -0.011884 0.415273 -0.749431 0.449104 -0.253393 0.939693 0 0 0.34202 0.91016 -0.336332 0.216435 -0.107911 1 0 0 0 0.995956 0.0719475 -0.0376748 -0.0384117 1 0 0 0 0.995396 0 0 0.0958458 0.994522 0 0 -0.104528 0.707107 -0.707107 0 0 0.707107 -0.707107 0 0 0.961833 0.0588283 0.0163145 0.26674 0.388136 -0.753561 0.428424 -0.312969 1 0 0 0 0.939693 0 0 0.34202 1 0 0 0 
1 14.08 9 -56.84 -38 281 1 -56.84 -38 89 0 0 -56.7 107.658 0 0 -25 121.365 0.999839 0.00458971 -7.9713e-05 -0.0173649 1 0 0 0 0.993572 0 0 0.113203 0.995358 -0.000836399 0.00868636 -0.0958421 0.707107 -0.707107 0 0 0.707107 -0.707107 0 0 0.930674 -0.197444 -0.0774264 0.298104 -0.739942 0.198267 -0.620885 -0.166366 0.999391 0 0 0.0348994 0.999088 -0.0346675 0.0223091 -0.0111229 1 0 0 0 0.995851 0.0720264 -0.0378397 -0.0407605 1 0 0 0 0.995396 0 0 0.0958458 0.994522 0 0 -0.104528 0.707107 -0.707107 0 0 0.707107 -0.707107 0 0 0.940593 -0.0575296 -0.0204287 0.334003 0.600955 -0.501969 0.357052 -0.509308 1 0 0 0 0.999391 0 0 0.0348994 1 0 0 0 
1 14.08 9 -56.84 -38 281 1 -56.84 -38 89 0 0 -56.7 0 0 0 -25 0 0.999839 0.00458971 -7.9713e-05 -0.0173649 1 0 0 0 0.993572 0 0 0.113203 0.995358 -0.000836399 0.00868636 -0.0958421 0.707107 -0.707107 0 0 0.707107 -0.707107 0 0 0.661155 -0.684115 -0.230887 0.203843 -0.705148 0.299317 -0.591689 -0.251157 0.999391 0 0 0.0348994 0.999088 -0.0346675 0.0223091 -0.0111229 1 0 0 0 0.995851 0.0720264 -0.0378397 -0.0407605 1 0 0 0 0.995396 0 0 0.0958458 0.994522 0 0 -0.104528 0.707107 -0.707107 0 0 0.707107 -0.707107 0 0 0.807752 -0.485347 -0.172346 0.286831 0.600955 -0.501969 0.357052 -0.509308 1 0 0 0 0.999391 0 0 0.0348994 1 0 0 0 
1 14.08 7 -56.84 -38 281 3 -56.84 -38 89 0 0 -56.7 0 0 0 -25 0 0.999839 0.00458971 -7.9713e-05 -0.0173649 0.952511 -0.0472913 0.00742589 -0.300718 0.993572 0 0 0.113203 0.995358 -0.000836399 0.00868636 -0.0958421 0.707107 -0.707107 0 0 0.707107 -0.707107 0 0 0.661155 -0.684115 -0.230887 0.203843 -0.705148 0.299317 -0.591689 -0.251157 0.999391 0 0 0.0348994 0.999088 -0.0346675 0.0223091 -0.0111229 1 0 0 0 0.995851 0.0720264 -0.0378397 -0.0407605 0.948179 0.00553773 -0.0165505 -0.317256 0.995396 0 0 0.0958458 0.994522 0 0 -0.104528 0.707107 -0.707107 0 0 0.707107 -0.707107 0 0 0.807752 -0.485347 -0.172346 0.286831 0.600955 -0.501969 0.357052 -0.509308 1 0 0 0 0.999391 0 0 0.0348994 1 0 0 0 
1 14.08 7 -56.84 -38 281 3 -56.84 -38 89 0 0 -56.7 0 0 0 -25 0 0.990686 0.135056 -0.00234561 -0.017206 0.952511 -0.0472913 0.00742589 -0.300718 0.993572 0 0 0.113203 0.995358 -0.000836399 0.00868636 -0.0958421 0.707107 -0.707107 0 0 0.707107 -0.707107 0 0 0.661155 -0.684115 -0.230887 0.203843 -0.705148 0.299317 -0.591689 -0.251157 0.999391 0 0 0.0348994 0.999088 -0.0346675 0.0223091 -0.0111229 1 0 0 0 0.995851 0.0720264 -0.0378397 -0.0407605 0.943283 0.0963912 -0.046882 -0.314209 0.995396 0 0 0.0958458 0.994522 0 0 -0.104528 0.707107 -0.707107 0 0 0.707107 -0.707107 0 0 0.807752 -0.485347 -0.172346 0.286831 0.600955 -0.501969 0.357052 -0.509308 1 0 0 0 0.999391 0 0 0.0348994 1 0 0 0 
31 9.28 7 -66.44 -38 281 3 -66.44 -38 89 0 0 -56.7 0 0 0 -25 0 0.990686 0.135056 -0.00234561 -0.017206 0.952511 -0.0472913 0.00742589 -0.300718 0.993572 0 0 0.113203 0.995358 -0.000836399 0.00868636 -0.0958421 0.707107 -0.707107 0 0 0.707107 -0.707107 0 0 0.661155 -0.684115 -0.230887 0.203843 -0.705148 0.299317 -0.591689 -0.251157 0.999391 0 0 0.0348994 0.999088 -0.0346675 0.0223091 -0.0111229 1 0 0 0 0.995851 0.0720264 -0.0378397 -0.0407605 0.943283 0.0963912 -0.046882 -0.314209 0.995396 0 0 0.0958458 0.994522 0 0 -0.104528 0.707107 -0.707107 0 0 0.707107 -0.707107 0 0 0.807752 -0.485347 -0.172346 0.286831 0.600955 -0.501969 0.357052 -0.509308 1 0 0 0 0.999391 0 0 0.0348994 1 0 0 0 
54 5.60001 7 -73.8 -38 281 3 -73.8 -38 89 0 0 -56.7 0 0 0 -25 0 0.990686 0.135056 -0.00234561 -0.017206 0.952511 -0.0472913 0.00742589 -0.300718 0.993572 0 0 0.113203 0.995358 -0.000836399 0.00868636 -0.0958421 0.707107 -0.707107 0 0 0.707107 -0.707107 0 0 0.661155 -0.684115 -0.230887 0.203843 -0.705148 0.299317 -0.591689 -0.251157 0.999391 0 0 0.0348994 0.999088 -0.0346675 0.0223091 -0.0111229 1 0 0 0 0.995851 0.0720264 -0.0378397 -0.0407605 0.943283 0.0963912 -0.046882 -0.314209 0.995396 0 0 0.0958458 0.994522 0 0 -0.104528 0.707107 -0.707107 0 0 0.707107 -0.707107 0 0 0.807752 -0.485347 -0.172346 0.286831 0.600955 -0.501969 0.357052 -0.509308 1 0 0 0 0.999391 0 0 0.0348994 1 0 0 0 
66 4.60001 7 -73.8 -38 281 3 -73.8 -38 89 0 0 -56.7 0 0 0 -25 0 0.990686 0.135056 -0.00234561 -0.017206 0.952511 -0.0472913 0.00742589 -0.300718 0.993572 0 0 0.113203 0.995358 -0.000836399 0.00868636 -0.0958421 0.707107 -0.707107 0 0 0.707107 -0.707107 0 0 0.504471 -0.806627 -0.268223 0.151385 -0.705148 0.299317 -0.591689 -0.251157 0.999391 0 0 0.0348994 0.999088 -0.0346675 0.0223091 -0.0111229 1 0 0 0 0.995851 0.0720264 -0.0378397 -0.0407605 0.943283 0.0963912 -0.046882 -0.314209 0.995396 0 0 0.0958458 0.994522 0 0 -0.104528 0.707107 -0.707107 0 0 0.707107 -0.707107 0 0 0.832046 -0.442407 -0.157098 0.295458 0.600955 -0.501969 0.357052 -0.509308 1 0 0 0 0.999391 0 0 0.0348994 1 0 0 0 
72 2.72001 7 -79.56 -38 281 3 -79.56 -38 89 0 0 -56.7 0 0 0 -25 0 0.990686 0.135056 -0.00234561 -0.017206 0.952511 -0.0472913 0.00742589 -0.300718 0.993572 0 0 0.113203 0.995358 -0.000836399 0.00868636 -0.0958421 0.707107 -0.707107 0 0 0.707107 -0.707107 0 0 0.504471 -0.806627 -0.268223 0.151385 -0.705148 0.299317 -0.591689 -0.251157 0.999391 0 0 0.0348994 0.999088 -0.0346675 0.0223091 -0.0111229 1 0 0 0 0.995851 0.0720264 -0.0378397 -0.0407605 0.943283 0.0963912 -0.046882 -0.314209 0.995396 0 0 0.0958458 0.994522 0 0 -0.104528 0.707107 -0.707107 0 0 0.707107 -0.707107 0 0 0.832046 -0.442407 -0.157098 0.295458 0.600955 -0.501969 0.357052 -0.509308 1 0 0 0 0.999391 0 0 0.0348994 1 0 0 0 
90 -0.159991 7 -85.32 -38 281 3 -85.32 -38 89 0 0 -56.7 0 0 0 -25 0 0.990686 0.135056 -0.00234561 -0.017206 0.952511 -0.0472913 0.00742589 -0.300718 0.993572 0 0 0.113203 0.995358 -0.000836399 0.00868636 -0.0958421 0.707107 -0.707107 0 0 0.707107 -0.707107 0 0 0.504471 -0.806627 -0.268223 0.151385 -0.705148 0.299317 -0.591689 -0.251157 0.999391 0 0 0.0348994 0.999088 -0.0346675 0.0223091 -0.0111229 1 0 0 0 0.995851 0.0720264 -0.0378397 -0.0407605 0.943283 0.0963912 -0.046882 -0.314209 0.995396 0 0 0.0958458 0.994522 0 0 -0.104528 0.707107 -0.707107 0 0 0.707107 -0.707107 0 0 0.832046 -0.442407 -0.157098 0.295458 0.600955 -0.501969 0.357052 -0.509308 1 0 0 0 0.999391 0 0 0.0348994 1 0 0 0 
90 -0.159991 7 -85.32 -38 281 3 -85.32 -38 89 0 0 -56.7 0 0 0 -25 0 0.990686 0.135056 -0.00234561 -0.017206 0.952511 -0.0472913 0.00742589 -0.300718 0.993572 0 0 0.113203 0.995358 -0.000836399 0.00868636 -0.0958421 0.707107 -0.707107 0 0 0.707107 -0.707107 0 0 0.504471 -0.806627 -0.268223 0.151385 -0.705148 0.299317 -0.591689 -0.251157 0.999391 0 0 0.0348994 0.999088 -0.0346675 0.0223091 -0.0111229 1 0 0 0 0.995851 0.0720264 -0.0378397 -0.0407605 0.943283 0.0963912 -0.046882 -0.314209 0.995396 0 0 0.0958458 0.994522 0 0 -0.104528 0.707107 -0.707107 0 0 0.707107 -0.707107 0 0 0.832046 -0.442407 -0.157098 0.295458 0.600955 -0.501969 0.357052 -0.509308 1 0 0 0 0.999391 0 0 0.0348994 1 0 0 0 